Weights

{'epoch': 1, 'model_state_dict': OrderedDict([('module.layers.0.weight', tensor([[-0.0053, -0.0019, -0.0008,  ...,  0.0069, -0.0008,  0.0043],
        [-0.0029, -0.0057,  0.0069,  ..., -0.0075, -0.0077,  0.0009],
        [-0.0011, -0.0028, -0.0024,  ..., -0.0085,  0.0018,  0.0037],
        ...,
        [-0.0044, -0.0073,  0.0024,  ..., -0.0045,  0.0026, -0.0067],
        [-0.0038, -0.0014,  0.0042,  ..., -0.0087,  0.0014,  0.0047],
        [-0.0026,  0.0072, -0.0078,  ..., -0.0042, -0.0015,  0.0003]],
       device='cuda:0')), ('module.layers.0.bias', tensor([ 0.0032, -0.0080,  0.0056,  ..., -0.0027,  0.0021,  0.0077],
       device='cuda:0')), ('module.layers.2.weight', tensor([[-5.0991e-04, -4.9677e-03, -1.8385e-03,  ...,  1.2448e-02,
          5.3731e-03,  9.5287e-03],
        [-1.0546e-02, -1.0645e-02,  1.2854e-02,  ..., -6.5104e-03,
         -1.0849e-02, -1.0878e-02],
        [ 1.7399e-03,  2.9632e-03, -4.6576e-04,  ...,  4.3915e-03,
          1.0986e-03, -1.2727e-02],
        ...,
        [-8.2594e-04,  9.9357e-04, -7.1189e-03,  ...,  2.4666e-03,
         -8.7760e-03,  1.0916e-02],
        [ 2.1605e-03, -1.2558e-02,  1.2300e-02,  ..., -4.0596e-05,
         -9.0608e-03, -2.2753e-03],
        [-3.7478e-03, -1.6766e-03,  3.1249e-03,  ..., -4.2351e-03,
          1.0433e-02,  1.1808e-02]], device='cuda:0')), ('module.layers.2.bias', tensor([-0.0048, -0.0079, -0.0033,  ...,  0.0046, -0.0097, -0.0108],
       device='cuda:0')), ('module.layers.4.weight', tensor([[ 0.0041,  0.0022, -0.0006,  ...,  0.0080,  0.0014,  0.0062],
        [-0.0080, -0.0099, -0.0040,  ...,  0.0034,  0.0024, -0.0105],
        [-0.0089,  0.0063,  0.0064,  ...,  0.0126,  0.0101,  0.0061],
        ...,
        [-0.0004,  0.0039, -0.0140,  ..., -0.0097,  0.0032, -0.0122],
        [-0.0071,  0.0045, -0.0074,  ..., -0.0041, -0.0027, -0.0133],
        [-0.0059,  0.0092, -0.0050,  ..., -0.0065, -0.0060,  0.0116]],
       device='cuda:0')), ('module.layers.4.bias', tensor([-0.0097,  0.0077,  0.0037,  ...,  0.0098,  0.0030,  0.0056],
       device='cuda:0')), ('module.layers.6.weight', tensor([[ 6.0544e-03,  1.2340e-02,  1.0751e-02,  ..., -1.0814e-02,
          4.2159e-03,  5.8030e-03],
        [-7.3404e-03, -6.0471e-03,  1.1895e-02,  ...,  1.0234e-02,
          4.2826e-03, -8.3012e-03],
        [-8.2463e-04, -1.0707e-02, -8.3429e-03,  ..., -5.7372e-05,
          1.0630e-03, -6.6761e-03],
        ...,
        [-3.5146e-03,  1.0229e-02, -8.4548e-03,  ...,  1.0418e-02,
         -1.7477e-03, -7.5704e-04],
        [ 4.3443e-05, -4.5455e-03,  1.6440e-03,  ..., -1.3329e-02,
          4.7380e-03,  9.9154e-03],
        [-8.0426e-03,  2.9715e-04, -7.6220e-03,  ...,  6.3329e-03,
         -1.2348e-03,  1.3491e-02]], device='cuda:0')), ('module.layers.6.bias', tensor([-0.0135,  0.0104, -0.0005,  ..., -0.0076, -0.0008, -0.0017],
       device='cuda:0')), ('module.layers.8.weight', tensor([[-0.0029,  0.0032,  0.0088,  ..., -0.0003,  0.0026, -0.0112],
        [-0.0018,  0.0052,  0.0088,  ...,  0.0119, -0.0019,  0.0009],
        [-0.0064,  0.0139, -0.0006,  ..., -0.0052, -0.0138,  0.0079],
        ...,
        [ 0.0067, -0.0071, -0.0045,  ...,  0.0023, -0.0021,  0.0119],
        [ 0.0024,  0.0055,  0.0002,  ..., -0.0129, -0.0042,  0.0005],
        [ 0.0131, -0.0112,  0.0132,  ..., -0.0100,  0.0038, -0.0133]],
       device='cuda:0')), ('module.layers.8.bias', tensor([-0.0042, -0.0116, -0.0060,  ...,  0.0043,  0.0049,  0.0082],
       device='cuda:0')), ('module.layers.10.weight', tensor([[ 1.1124e-02,  7.0341e-03,  1.2711e-05,  ...,  3.2465e-03,
         -4.8716e-03, -2.7213e-03],
        [ 1.0030e-02, -1.8112e-03, -9.9449e-03,  ..., -1.0569e-03,
          6.0933e-04, -1.3590e-02],
        [-7.2552e-03, -1.6972e-03,  1.4114e-02,  ..., -9.8904e-03,
         -1.1930e-02, -7.3486e-04],
        ...,
        [-2.4608e-03, -2.1929e-03,  1.0575e-02,  ..., -2.4549e-03,
         -3.2463e-03,  1.2172e-02],
        [-1.4283e-03,  1.1744e-02,  5.6905e-03,  ...,  5.1174e-03,
         -1.0778e-02, -6.0746e-03],
        [ 7.0121e-03,  3.6783e-03, -1.1088e-02,  ..., -8.8002e-03,
          3.9139e-03, -6.3807e-03]], device='cuda:0')), ('module.layers.10.bias', tensor([-0.0090, -0.0023, -0.0009,  ..., -0.0031, -0.0087,  0.0099],
       device='cuda:0'))]), 'optimizer_state_dict': {'state': {}, 'param_groups': [{'lr': 1, 'momentum': 0, 'dampening': 0, 'weight_decay': 0, 'nesterov': False, 'params': [0, 1, 2, 3, 4, 5, 6, 7, 8, 9, 10, 11]}]}, 'loss': 0.0}
{'epoch': 1, 'model_state_dict': OrderedDict([('module.layers.0.weight', tensor([[-1.2789e-02, -5.6814e-03,  5.7708e-03,  ...,  4.3221e-04,
         -1.3829e-02, -1.3135e-02],
        [-1.1265e-02,  9.1752e-03, -1.2498e-02,  ...,  8.7759e-03,
          9.7809e-05, -5.3136e-03],
        [-5.7628e-03, -4.5590e-03,  1.3058e-02,  ..., -6.9669e-03,
          5.6272e-03, -8.2472e-03],
        ...,
        [ 1.2001e-02, -1.2026e-02,  9.0980e-03,  ..., -1.3932e-02,
         -7.6533e-04, -4.3626e-03],
        [ 1.3293e-02,  1.5417e-03,  5.0399e-03,  ...,  2.5534e-03,
          1.1793e-02, -4.6678e-03],
        [ 1.0567e-02,  4.7397e-03,  6.4879e-03,  ..., -1.1399e-02,
          4.5768e-03, -6.2563e-03]], device='cuda:0')), ('module.layers.0.bias', tensor([-0.0032,  0.0032, -0.0052,  ...,  0.0107, -0.0108,  0.0050],
       device='cuda:0')), ('module.layers.2.weight', tensor([[-0.0074,  0.0099, -0.0017,  ...,  0.0125,  0.0097,  0.0046],
        [-0.0028,  0.0079, -0.0009,  ...,  0.0108, -0.0073,  0.0025],
        [-0.0019, -0.0061, -0.0043,  ..., -0.0077,  0.0086,  0.0120],
        ...,
        [ 0.0046, -0.0040, -0.0096,  ..., -0.0097,  0.0072, -0.0118],
        [ 0.0131, -0.0042,  0.0006,  ...,  0.0037,  0.0061,  0.0044],
        [-0.0137,  0.0047,  0.0047,  ..., -0.0064, -0.0101,  0.0025]],
       device='cuda:0')), ('module.layers.2.bias', tensor([ 0.0092,  0.0136,  0.0008,  ..., -0.0130,  0.0107,  0.0029],
       device='cuda:0')), ('module.layers.4.weight', tensor([[-1.2802e-02, -1.1900e-02,  8.3781e-03,  ..., -1.1809e-02,
          6.7036e-03, -1.2538e-02],
        [ 1.1163e-02,  1.7441e-03,  8.1842e-03,  ...,  1.0883e-02,
         -6.5686e-03, -1.0019e-02],
        [ 3.0769e-03, -1.2353e-02,  5.7798e-03,  ...,  6.2060e-03,
          5.6403e-03,  9.0398e-03],
        ...,
        [-8.6470e-03,  1.1095e-02,  4.3008e-03,  ...,  2.2670e-03,
          1.1546e-02,  4.5664e-03],
        [-5.6509e-05,  9.4720e-03,  1.0213e-02,  ...,  5.0714e-03,
          4.2579e-03, -1.3622e-03],
        [ 7.7564e-03, -9.3425e-03,  4.5854e-03,  ...,  9.2330e-03,
          5.1765e-03,  5.7836e-03]], device='cuda:0')), ('module.layers.4.bias', tensor([ 0.0069, -0.0007, -0.0071,  ...,  0.0023, -0.0068, -0.0109],
       device='cuda:0')), ('module.layers.6.weight', tensor([[ 0.0063, -0.0069, -0.0051,  ..., -0.0011,  0.0067,  0.0018],
        [-0.0088,  0.0095, -0.0065,  ..., -0.0110,  0.0030,  0.0114],
        [-0.0090, -0.0075,  0.0103,  ...,  0.0028,  0.0141, -0.0013],
        ...,
        [ 0.0108,  0.0098,  0.0004,  ...,  0.0066,  0.0032, -0.0070],
        [-0.0095,  0.0103,  0.0071,  ..., -0.0028, -0.0139, -0.0026],
        [ 0.0124, -0.0046,  0.0072,  ...,  0.0121,  0.0089,  0.0004]],
       device='cuda:0')), ('module.layers.6.bias', tensor([ 0.0103,  0.0015, -0.0110,  ...,  0.0021,  0.0129,  0.0016],
       device='cuda:0')), ('module.layers.8.weight', tensor([[ 0.0102, -0.0029, -0.0024,  ..., -0.0137, -0.0042, -0.0116],
        [ 0.0060, -0.0075,  0.0019,  ...,  0.0141, -0.0085, -0.0014],
        [-0.0011, -0.0035,  0.0136,  ...,  0.0013,  0.0033,  0.0140],
        ...,
        [-0.0015,  0.0138,  0.0012,  ..., -0.0110,  0.0014,  0.0045],
        [-0.0072, -0.0026,  0.0041,  ..., -0.0038,  0.0074, -0.0107],
        [-0.0082, -0.0100, -0.0006,  ..., -0.0112,  0.0115,  0.0030]],
       device='cuda:0')), ('module.layers.8.bias', tensor([ 0.0059,  0.0063, -0.0011,  ..., -0.0139,  0.0077,  0.0045],
       device='cuda:0')), ('module.layers.10.weight', tensor([[ 0.0125, -0.0103, -0.0086,  ..., -0.0115, -0.0027,  0.0127],
        [-0.0106, -0.0010,  0.0046,  ..., -0.0044, -0.0010, -0.0011],
        [-0.0133, -0.0061, -0.0122,  ...,  0.0087, -0.0077,  0.0018],
        ...,
        [-0.0101, -0.0125, -0.0107,  ...,  0.0054,  0.0028, -0.0117],
        [ 0.0111,  0.0002,  0.0125,  ...,  0.0043, -0.0092, -0.0022],
        [ 0.0121, -0.0094, -0.0104,  ...,  0.0070, -0.0022,  0.0020]],
       device='cuda:0')), ('module.layers.10.bias', tensor([-0.0018,  0.0140, -0.0004,  ...,  0.0078, -0.0095, -0.0085],
       device='cuda:0')), ('module.out.weight', tensor([[-8.5738e-03,  6.3271e-03, -9.6803e-06,  ...,  3.4978e-03,
          4.5494e-03,  7.8970e-03],
        [ 9.4209e-03,  9.4863e-04,  9.5220e-03,  ...,  6.8959e-03,
          1.0174e-02, -1.2511e-02],
        [-8.1400e-03, -2.5359e-03,  1.6035e-03,  ..., -6.9556e-03,
          1.0434e-03,  9.0973e-03],
        ...,
        [-6.9382e-03,  4.5670e-03, -3.5407e-03,  ...,  1.1229e-02,
         -1.8638e-03, -7.4764e-04],
        [ 8.4496e-03,  1.6826e-03, -1.3522e-03,  ..., -4.8034e-03,
          4.4835e-03,  1.3074e-02],
        [ 1.0587e-02,  3.7790e-03,  2.4669e-03,  ..., -8.8308e-04,
          1.5554e-03, -1.0039e-02]], device='cuda:0')), ('module.out.bias', tensor([-0.0135,  0.0138, -0.0026,  ..., -0.0043, -0.0108, -0.0009],
       device='cuda:0'))]), 'optimizer_state_dict': {'state': {}, 'param_groups': [{'lr': 1, 'momentum': 0, 'dampening': 0, 'weight_decay': 0, 'nesterov': False, 'params': [0, 1, 2, 3, 4, 5, 6, 7, 8, 9, 10, 11, 12, 13]}]}, 'loss': 0.0}
